#F 60kVp
#S 1 File written by xplot on Tue Nov 18 15:34:44 2014
#N 2
#L    Energy [eV]  Flux [photons/1keV(bw)/mA/mm^2(@1m)/sec]
0 0 
1000 0 
2000 0 
3000 0 
4000 0 
5000 0 
6000 0 
7000 0 
8000 0 
9000 0 
10000 2.59833 
11000 17.9407 
12000 54.2483 
13000 194.348 
14000 482.475 
15000 1215.55 
16000 2298.76 
17000 4218.51 
18000 6592.72 
19000 8600.33 
20000 11004.5 
21000 13175.2 
22000 15627.2 
23000 17647.2 
24000 19827.9 
25000 21488.5 
26000 22979.8 
27000 24093.1 
28000 25164.2 
29000 25372.3 
30000 25577.3 
31000 25444.1 
32000 25352.8 
33000 24874.3 
34000 24378.2 
35000 23772.3 
36000 23083.8 
37000 22286.2 
38000 21453.8 
39000 20600.3 
40000 19700.2 
41000 18906.4 
42000 18022.1 
43000 16751.1 
44000 15524.8 
45000 14721.5 
46000 13878.1 
47000 12678.3 
48000 11478 
49000 10679.1 
50000 9845.65 
51000 9062.12 
52000 8049.96 
53000 7118.62 
54000 6167.47 
55000 5197.52 
56000 4272.48 
57000 3065.96 
58000 2068.24 
59000 1227.25 
60000 410.343 
61000 32.403 
62000 0 
63000 0 
